12102
19387
3972
1074
12216
18264
7745
1835
6569
9129
3993
6659
17827
18356
12200
2996
3659
8036
3883
9037
9227
2032
2431
11394
16856
632
11413
9477
17164
11201
7602
436
12402
8239
6071
9775
17507
17735
16472
10531
5572
3224
18892
15297
7357
1244
3822
16726
6438
14595
3096
12574
4682
17387
4833
5686
1542
3420
15762
11254
17254
14672
356
19357
12418
11563
5431
1683
18008
9914
12668
13371
3174
18675
4442
10718
18767
11377
10728
2905
19656
9410
12498
4367
3983
19818
11244
12776
14252
13697
12164
2681
3063
3690
6990
7912
8655
9590
2047
11479
9703
4204
16060
8146
2289
4674
10831
3045
7776
17640
14015
12663
17506
1235
5047
9050
3201
12866
3566
9182
11315
8193
9118
18830
13993
2260
11027
6995
16719
13013
15051
6962
11604
14697
4465
744
6514
8293
3814
8019
9250
10578
10249
15491
19840
4154
4188
3418
8696
8456
14083
15571
7281
13396
857
17327
9617
6006
1411
4063
12693
14128
2646
988
1514
11920
594
2932
9854
12153
5117
16382
2819
7819
14305
8210
13588
13782
6955
17863
13459
19204
18459
18169
5996
9525
9751
12721
3105
14476
19436
10391
8051
12150
15376
12362
9033
9243
2968
15106
18972
1686
12094
11654
14740
13650
6687
15820
10464
5099
18801
13701
5288
19620
16284
127
4958
1401
9199
331
16945
14833
4807
18185
1941
10236
16247
14660
9472
10416
14430
11542
16502
8681
2129
11969
13807
10586
9899
13039
18714
14112
15357
2390
13350
14596
694
2321
14529
6243
5559
12265
2153
8693
2161
5350
19147
17678
11935
3543
13482
6552
5230
18939
17301
7740
15488
16465
9709
7854
18070
8646
10918
3583
15851
11085
10100
5980
15871
13622
15281
19508
4417
1609
8164
2862
13842
17953
8217
3291
6915
463
14939
11511
3299
1567
13121
11140
2600
11385
4556
2411
14791
5196
1993
5540
19802
1741
13060
7268
11642
19673
17531
17896
8196
4228
1921
754
7505
134
18115
14940
15910
16964
11784
17581
6626
15116
5262
13147
1789
11381
326
18565
19714
13005
19781
7675
3680
18393
11240
10194
7717
16205
255
912
1738
14919
11797
3218
935
3358
6619
5291
13147
14843
9638
2094
5257
10855
7556
7489
6655
5231
9361
6701
13523
18628
14895
19167
12180
12116
827
1228
11084
5977
6039
17299
12825
19622
2411
13499
17995
11819
5657
2682
7334
19275
9434
15345
14778
18308
12722
5855
9738
15385
2823
5614
15091
2402
10755
15324
13698
3179
4283
3928
1372
9189
16405
15717
519
15320
6674
8971
3341
2319
3960
12007
18289
2667
5961
11426
9976
13818
6827
6479
9694
10713
10997
18351
14779
5695
9387
11405
1088
5549
8534
17420
906
6155
3022
14065
17480
8564
10254
448
10510
8245
10834
4785
16125
11290
1051
8981
14675
18340
9481
13022
16376
9037
1086
8258
1524
15887
5636
4557
17739
7817
16833
9368
10142
16072
18995
6196
355
18274
14967
17110
9290
13638
2053
15853
8880
13381
4857
12922
13471
15459
7771
1137
18909
9607
12965
7718
12614
14446
2795
18937
14528
1921
13683
1231
15449
204
9768
9319
440
10396
10181
3858
12453
